CATEGORYYYYYYY 1-1 -2
-1 -3
-1 -4
-1 -5
-1 -6
-1 -7
-1 -8
-1 -9
-2 -3
-2 -4
-2 -5
-2 -6
-2 -7
-2 -8
-2 -9
-3 -4
-3 -5
-3 -6
-3 -7
-3 -8
-3 -9
-4 -5
-4 -6
-4 -7
-4 -8
-4 -9
-5 -6
-5 -7
-5 -8
-5 -9
-6 -7
-6 -8
-6 -9
-7 -8
-7 -9
-8 -9
-13 -14
-13 -15
-13 -16
-13 -17
-13 -18
-13 -19
-13 -20
-13 -21
-14 -15
-14 -16
-14 -17
-14 -18
-14 -19
-14 -20
-14 -21
-15 -16
-15 -17
-15 -18
-15 -19
-15 -20
-15 -21
-16 -17
-16 -18
-16 -19
-16 -20
-16 -21
-17 -18
-17 -19
-17 -20
-17 -21
-18 -19
-18 -20
-18 -21
-19 -20
-19 -21
-20 -21
-25 -26
-25 -27
-25 -28
-25 -29
-25 -30
-25 -31
-25 -32
-25 -33
-26 -27
-26 -28
-26 -29
-26 -30
-26 -31
-26 -32
-26 -33
-27 -28
-27 -29
-27 -30
-27 -31
-27 -32
-27 -33
-28 -29
-28 -30
-28 -31
-28 -32
-28 -33
-29 -30
-29 -31
-29 -32
-29 -33
-30 -31
-30 -32
-30 -33
-31 -32
-31 -33
-32 -33
-37 -38
-37 -39
-37 -40
-37 -41
-37 -42
-37 -43
-37 -44
-37 -45
-38 -39
-38 -40
-38 -41
-38 -42
-38 -43
-38 -44
-38 -45
-39 -40
-39 -41
-39 -42
-39 -43
-39 -44
-39 -45
-40 -41
-40 -42
-40 -43
-40 -44
-40 -45
-41 -42
-41 -43
-41 -44
-41 -45
-42 -43
-42 -44
-42 -45
-43 -44
-43 -45
-44 -45
-49 -50
-49 -51
-49 -52
-49 -53
-49 -54
-49 -55
-49 -56
-49 -57
-50 -51
-50 -52
-50 -53
-50 -54
-50 -55
-50 -56
-50 -57
-51 -52
-51 -53
-51 -54
-51 -55
-51 -56
-51 -57
-52 -53
-52 -54
-52 -55
-52 -56
-52 -57
-53 -54
-53 -55
-53 -56
-53 -57
-54 -55
-54 -56
-54 -57
-55 -56
-55 -57
-56 -57
-61 -62
-61 -63
-61 -64
-61 -65
-61 -66
-61 -67
-61 -68
-61 -69
-62 -63
-62 -64
-62 -65
-62 -66
-62 -67
-62 -68
-62 -69
-63 -64
-63 -65
-63 -66
-63 -67
-63 -68
-63 -69
-64 -65
-64 -66
-64 -67
-64 -68
-64 -69
-65 -66
-65 -67
-65 -68
-65 -69
-66 -67
-66 -68
-66 -69
-67 -68
-67 -69
-68 -69
CATEGORYYYYYYY 2
-1 14 16
-13 26 28
-25 38 40
-37 50 52
-49 62 64
-2 13 15 17
-14 25 27 29
-26 37 39 41
-38 49 51 53
-50 61 63 65
-3 14 17 18
-15 26 29 30
-27 38 41 42
-39 50 53 54
-51 62 65 66
-4 13 17 19 20
-16 25 29 31 32
-28 37 41 43 44
-40 49 53 55 56
-52 61 65 67 68
-5 14 15 16 18 20
-17 26 27 28 30 32
-29 38 39 40 42 44
-41 50 51 52 54 56
-53 62 63 64 66 68
-6 15 17 21
-18 27 29 33
-30 39 41 45
-42 51 53 57
-54 63 65 69
-7 16 20
-19 28 32
-31 40 44
-43 52 56
-55 64 68
-8 16 17 19 21
-20 28 29 31 33
-32 40 41 43 45
-44 52 53 55 57
-56 64 65 67 69
-9 20
-21 32
-33 44
-45 56
-57 68
CATEGORYYYYYYY 61